"obsID"	"nh_logRR"	"no_logRR"	"toti_logRR"	"ammon_logRR"	"nitrif_logRR"	"nminz_logRR"	"soilN_logRR"	"SOM_logRR"	"soilcn_logRR"	"microbialcn_logRR"	"soilmoi_logRR"	"pH_logRR"
"1"	1	NA	NA	NA	NA	NA	NA	NA	NA	NA	0.936251325077351	NA	NA
"2"	2	0.885280394607684	2.09986227032866	0.995151665482694	NA	NA	NA	NA	NA	NA	NA	0.999015339838545	0.998165193898401
"3"	3	NA	NA	NA	1.42546167779791	1.10736513477773	1.07422502873198	1	NA	1.01895758917239	NA	NA	NA
"4"	4	4.57761580974127	-1.82305708001199	4.10026315233218	NA	NA	NA	NA	3.05870520223367	NA	NA	1.33637371647677	0.961653430961684
"5"	5	1.23531948791136	0.965300254774772	1.0516489441401	NA	NA	NA	NA	0.807495860843862	NA	NA	1.0599220065966	1.05689592323044
"6"	6	2.83675983336409	NA	NA	2.32035190367725	1.98242014163919	NA	NA	NA	NA	NA	0.914741400217575	NA
"7"	7	1.15098683165642	NA	NA	1.61417254251057	1.01379257150694	NA	NA	NA	NA	NA	0.934870415988059	NA
"8"	8	0.962812360785021	0.972318879597905	0.972713563294453	NA	NA	NA	0.930676558073393	NA	NA	NA	NA	0.993469300497287
"9"	9	1.11111138648822	1.01125131087771	1.05242266040769	NA	NA	NA	1	NA	NA	NA	NA	1
"10"	10	1.00925428099358	0.964543418590966	0.992106049161027	NA	NA	NA	1	3.38528092532393	NA	NA	NA	NA
"11"	11	1.619349508233	1.95391088389581	1.19414659473517	1.64511227876752	1.35558535662136	1.14724700718546	0.880528002203154	NA	NA	NA	0.993379388463695	NA
"12"	12	1.20531021042099	2.53349014497587	1.47019713045364	NA	1.20689606349287	NA	0.839466084758597	NA	NA	NA	1.07994880803963	NA
"13"	13	0.957431801400426	1.01465800508368	0.988042074058447	NA	NA	NA	NA	0.955228962031723	NA	NA	0.960690012386715	1.00294717510215
"14"	14	0.945509107522519	1.1099570423524	1.0183844204599	NA	NA	NA	NA	0.995256090821085	NA	NA	0.933991046445839	1.00555340331424
"15"	15	NA	NA	NA	NA	NA	NA	NA	NA	NA	NA	NA	NA
"16"	16	0.623462977726316	-0.321737818648699	0.895301763919255	0.796919995962402	1.26897255101953	NA	NA	NA	NA	NA	NA	1.18914899169264
"17"	17	0.99726365072646	-0.990982877501198	1.29813667554553	0.964800683206641	1.1616056388231	NA	NA	NA	NA	NA	NA	1.14413378891147
"18"	18	0.665443941112762	-0.499231007508882	0.994256243011475	0.919593954559131	1.45562000462325	NA	NA	NA	NA	NA	NA	1.11327981947461
"19"	19	1.55597917064722	-0.0159972837309135	1.55232621468735	1.26912562626159	1.7029079847315	NA	NA	NA	NA	NA	NA	1.09330709843847
"20"	20	1.66197206520691	0.677780705266081	1.63514240023001	1.12002160005372	1.79867671932489	NA	NA	NA	NA	NA	NA	1.05694472774096
"21"	21	-1.29426344550678	0.234197036090342	0.838808294404179	0.135535188696447	4.85026751228553	NA	NA	1.80054353654311	NA	NA	NA	1.08578586033385
"22"	22	-26.8441393671563	1.64461211349705	1.63435867147618	9.99550307267312	2.28950772905201	NA	NA	2.98118563797628	NA	NA	NA	1.1345530907875
"23"	23	NA	NA	NA	NA	NA	NA	NA	NA	NA	NA	NA	NA
"24"	24	NA	NA	NA	NA	NA	NA	NA	NA	NA	NA	NA	NA
"25"	25	NA	NA	NA	NA	NA	NA	NA	NA	NA	NA	NA	NA
"26"	26	NA	NA	1.17997664300512	NA	0.410628646261988	1.00122217031457	NA	NA	NA	NA	0.986396525349542	1.04435783348669
"27"	27	NA	NA	NA	NA	1.7331700017266	1.32555106769142	NA	NA	0.986553389365159	NA	1.0102547608147	NA
"28"	28	1.67107006333686	-0.65205200582177	0.249577717008768	NA	NA	NA	NA	NA	NA	NA	1.02062160825308	NA
"29"	29	-6.42703198486077	2.46611869180625	1.04030787554475	NA	NA	NA	NA	NA	NA	NA	1.00699069884995	0.990369074780785
"30"	30	-4.85019423104995	-1.13636911220516	5.54927243704449	NA	NA	NA	NA	-0.85838365492125	NA	NA	NA	1.01220432696172
"31"	31	NA	NA	1.10194827135998	0.598781563131367	0.278616768638615	0.948593815755431	NA	NA	0.973743234330491	NA	1.1869589316691	NA
"32"	32	NA	NA	-0.640355904934783	0.219705298049198	1.18822628771855	0.964149613487783	NA	NA	0.968331654220244	NA	0.989578783218636	NA
"33"	33	NA	2.04971752237705	NA	NA	2.56534039692027	1.06759197034273	NA	NA	0.983967306205549	NA	1.18619078361392	0.959225105169112
"34"	34	NA	NA	NA	NA	NA	0.805068769266806	0.963676494662961	NA	0.986628178338831	NA	NA	NA
"35"	35	NA	NA	NA	NA	NA	0.80244340941938	1.09682371640948	NA	0.994972841512289	NA	NA	NA
"36"	36	NA	NA	NA	NA	NA	0.856017990575979	1	NA	0.992705926177316	NA	NA	NA
"37"	37	NA	NA	NA	NA	NA	0.853562378388963	1.19476608785535	NA	1.01721912587611	NA	NA	NA
"38"	38	NA	NA	NA	NA	NA	1.25135431334749	1.0609700650166	NA	0.985334022209205	NA	NA	NA
"39"	39	NA	NA	NA	NA	NA	0.939708647988775	1	NA	0.979021086996695	NA	NA	NA
"40"	40	NA	NA	NA	NA	NA	1.07625966579078	0.973181675983558	NA	1.00596277061536	NA	NA	NA
"41"	41	NA	NA	NA	NA	NA	0.944605970729061	1.08562522513336	NA	0.989943007863399	NA	NA	NA
"42"	42	NA	NA	NA	NA	NA	0.978138287022245	1.02763075856121	NA	0.984402515413203	NA	NA	NA
"43"	43	1.45696231588174	1.37517362906267	1.25056388860126	NA	NA	NA	NA	2.46562978324516	NA	NA	NA	0.860366022753295
"44"	44	1.66547172246706	0.928468384727786	1.14642828402661	NA	NA	NA	NA	1.65935773501528	NA	NA	NA	0.989236451560358
"45"	45	0.446696919254168	-0.00784036216273869	0.561442975971327	0.140458566384124	1.60814205190434	0.763461067337086	6.77384745332669	NA	NA	NA	0.85297595846807	1.2914477646552
"46"	46	0.913141833835158	-0.078234379638988	0.993628031453092	0.275764067338319	1.61733140919518	1.1228828113962	0.803581999290938	NA	NA	NA	0.937930631415456	1.08707571200527
"47"	47	0.588896871133663	0.0511864543547793	0.686068632993198	0.265216709304763	26.6709646136229	1.0366769715298	-152.168581625373	NA	NA	NA	0.851612502368621	1.25040102652858
"48"	48	0.536183529955947	-0.13603587430675	0.661699679519215	0.094538095038848	1.63725981322181	0.763322282494388	6.59218421748542	NA	NA	NA	0.881828481102147	1.29359779474333
"49"	49	0.746630889996581	-0.0856735440772896	0.859353590712676	0.0812317731911654	0.784245897746228	0.798141237390837	0.921653589845951	NA	NA	NA	0.952452793790339	1.11741581774718
"50"	50	1.39678214367387	1.43085153475257	1.29078179279779	0.457629777392603	0.832227831846634	0.960643726006621	NA	1.0288792617421	NA	NA	NA	1.01543025307435
"51"	51	0.912501861112186	0.164040454177099	0.765992863615753	0.154643394048721	4.62583054976488	1.05139583358136	NA	1.06688175025997	NA	NA	NA	1.05314001773565
"52"	52	0.890403626681038	0.950134980287194	0.942391376787332	NA	1.55810901078223	1.12865224145714	NA	1.01883585034607	NA	NA	0.996416235035531	1.01041580197019
"53"	53	0.88563254797465	1.67622597419716	1.33531393198557	NA	2.17909888708965	1.03460111590577	NA	0.973909485894605	NA	NA	1.03428797596387	1.02233234966001
"54"	54	0.908162880464717	0.893283192725396	0.919983264166829	NA	NA	NA	0.95336671026723	0.807349714283424	NA	NA	NA	1.1791021637409
"55"	55	5.2522166349506	0.251852545918126	1.10209790283078	NA	NA	NA	0.822816179864442	NA	NA	NA	NA	0.940152034783697
"56"	56	2.2010135698492	-0.549689933661632	1.58863469825206	NA	NA	NA	0.822816179864442	NA	NA	NA	NA	0.959974901792683
"57"	57	2.01512478283075	-0.870667702808493	1.96610290984248	NA	NA	NA	0.784661720963304	NA	NA	NA	NA	0.892895808508535
"58"	58	NA	NA	NA	NA	NA	NA	1.20272375069323	NA	1.01909022801806	NA	1.03009307801751	NA
"59"	59	NA	NA	NA	NA	NA	NA	1.32660262421408	NA	1.07317327598553	NA	1.22792642888455	NA
"60"	60	1.91522212581391	0.632140160060211	1.11420554683787	NA	17.0968958473586	NA	0.753627447130015	NA	0.916588298869213	NA	1.51364291925472	0.95514898269502
"61"	61	NA	NA	NA	1.23254925126577	NA	NA	1.11390062550863	0.897437596737819	1.10003425026071	1.09994689626042	0.753610797185478	0.977282258445724
"62"	62	NA	NA	NA	NA	NA	NA	NA	NA	NA	NA	NA	NA
"63"	63	1.39215405317382	1.53612462854917	1.35762881849664	NA	1.9387419755328	1.10765521164038	NA	NA	1.06329110532312	0.892228513107076	NA	0.986310643031538
"64"	64	NA	1.01387935643317	NA	NA	NA	NA	NA	1.04670661982827	NA	NA	NA	1.07438516599007
"65"	65	NA	1.26185950714291	NA	NA	NA	NA	NA	1	NA	NA	NA	1.1087905609994
"66"	66	NA	0.923998453277475	NA	NA	NA	NA	NA	1.01576119666048	NA	NA	NA	1.07268457604636
"68"	68	2.74938163097572	0.665143461220122	2.20550324296079	NA	NA	NA	NA	0.866372928097362	NA	NA	NA	1.08432025499084
"69"	69	2.39172175472709	0.881009536515641	1.94039734717811	NA	NA	NA	NA	0.934530814428575	NA	NA	NA	0.96896834551778
"70"	70	3.56529382188125	-0.821350444829494	2.85502615659168	NA	NA	NA	NA	1.0796115481754	NA	NA	NA	0.993894456328435
"71"	71	2.00103690350329	0.969473934956698	1.66155238604114	NA	NA	NA	NA	1.01785205929158	NA	NA	NA	1.0040432144276
"72"	72	3.86174892044351	-0.984755662781422	3.07428886405794	NA	NA	NA	NA	1.05493659571638	NA	NA	NA	1.01604506258631
"73"	73	1.02269991857683	NA	NA	NA	NA	0.866253794501137	NA	NA	NA	0.986112538520109	NA	NA
"74"	74	NA	NA	NA	NA	NA	0	-1.75013833408483	NA	NA	1.52973737624907	NA	NA
"75"	75	1.02156666727048	NA	NA	NA	NA	1.1285647888832	NA	NA	NA	1.07510654060245	NA	NA
"76"	76	NA	NA	NA	NA	NA	0.700553928308784	0.785106256316752	NA	NA	1.62155669970715	NA	NA
"77"	77	NA	NA	NA	1.0570751651456	1.07421684440075	NA	NA	NA	NA	NA	NA	NA
"78"	78	NA	NA	NA	NA	0.814589473527192	0.989087512515181	1.11989908701047	NA	0.986748009616245	NA	NA	NA
"79"	79	NA	NA	NA	NA	0.365162987253321	0.98969653250925	1	NA	1.01795140296528	NA	NA	NA
"80"	80	NA	NA	NA	NA	NA	0.998528689521996	NA	NA	NA	NA	NA	NA
"81"	81	NA	NA	NA	NA	NA	1	NA	NA	NA	NA	NA	1.0009988337585
"82"	82	NA	NA	NA	NA	NA	1.21650462082504	NA	NA	NA	NA	NA	1.05149880978264
"83"	83	NA	NA	NA	NA	NA	1.00938477441506	NA	NA	NA	NA	NA	1.05365168569497
"84"	84	NA	NA	NA	NA	NA	1.196935912953	NA	NA	NA	NA	NA	1.02210102161922
"85"	85	NA	NA	NA	NA	NA	1.19961513800446	NA	NA	NA	NA	NA	1.06347542194502
"86"	86	NA	NA	NA	NA	NA	NA	NA	NA	NA	NA	NA	NA
"87"	87	NA	4.22388388117628	NA	NA	NA	NA	NA	NA	NA	NA	NA	0.957636993754938
"88"	88	NA	NA	0.75476951879046	NA	NA	0.984756551552624	0.964908997332822	NA	1.05211244710722	1.17524862354207	NA	NA
"89"	89	0.804351922761442	0.881699659317415	0.908459627766058	NA	NA	NA	0.946926595411906	NA	0.992606827518211	NA	NA	0.998705853364514
"90"	90	NA	NA	0.365985406254729	NA	NA	NA	0.937230054097164	NA	1.00481915860913	NA	NA	0.997361373566625
"91"	91	NA	NA	0.471101920384684	NA	NA	NA	1.08596860550382	NA	0.990546888206381	NA	NA	0.997321482183379
"92"	92	NA	NA	NA	NA	NA	NA	0.889342029178331	NA	1.16823835981243	NA	NA	1.00082128300622
"93"	93	NA	NA	1.02852991081597	1.11476203195269	1.339839354115	1.02550087680366	0.863150348606507	NA	0.971669114245302	NA	1.10750885177458	0.991909428388816
"94"	94	1.24586739843785	3.0832061990953	1.27588289731015	NA	NA	NA	NA	NA	NA	NA	1.03132956756013	NA
"95"	95	0.978116950783265	1.53144227947766	1.04149811761737	NA	NA	NA	NA	NA	NA	NA	0.980828207473623	NA
"96"	96	1.26412365712161	1.33655451938174	1.25346086950987	NA	NA	1.00515001064751	0.720287164298253	12.2460592438055	0.920576292483191	NA	NA	NA
"97"	97	1.23701342845453	1.30451104180995	1.13236482295809	NA	NA	0.999052602598194	0.650514997831991	-10.8443356052392	0.910572982283436	NA	NA	NA
"98"	98	4.91969861281001	-0.249245737220724	3.12821029558586	0.949638062467885	19.9810256114149	1.00061601828285	0.858931069981897	NA	0.991718951120066	NA	NA	NA
"99"	99	0.851799719908233	0.678457724428362	1.06792892191513	1	0.857991241419016	1	2.77131673316071	NA	1.06505841978897	NA	NA	NA
"100"	100	1.18611708869252	0.64343279199592	1.2605889149869	1.08077564267903	0.834159512111821	1	0.307630647949807	NA	0.980774002229991	NA	NA	NA
"101"	101	0.778782570821588	NA	NA	NA	NA	NA	NA	1.01133404921519	NA	NA	NA	NA
"102"	102	1.47204914615291	NA	NA	NA	NA	NA	NA	0.99013769312986	NA	NA	NA	NA
"103"	103	2.25110684150692	NA	NA	NA	NA	NA	NA	1.2746282965396	NA	NA	NA	NA
"104"	104	NA	NA	NA	NA	NA	NA	NA	NA	0.993628285838508	0.622866579003532	NA	NA
"105"	105	NA	NA	NA	NA	NA	NA	NA	NA	1.00523270089786	0.690101809475014	NA	NA
"106"	106	NA	NA	NA	NA	NA	NA	NA	NA	0.98470639228421	0.705841592839336	NA	NA
"107"	107	NA	NA	NA	NA	NA	NA	NA	NA	0.964857229100136	0.882341790356448	NA	NA
"108"	108	NA	NA	NA	NA	NA	NA	NA	NA	0.989892084688666	0.669966646950001	NA	NA
"109"	109	NA	NA	NA	NA	NA	NA	NA	NA	0.982606649892549	0.906530534928137	NA	NA
"110"	110	3.94746665641736	-0.639738513195561	3.68544261701363	NA	7.8485957305193	1.24807895311511	NA	NA	NA	NA	NA	NA
"111"	111	1.3503719928501	1	1.3503719928501	NA	1	1.06050377868056	NA	NA	NA	NA	NA	NA
"112"	112	-1.71383089771345	1	-1.71383089771345	NA	1	1.06237393498214	NA	NA	NA	NA	NA	NA
"113"	113	1.77276870146626	0.5	1.77276870146626	1.67005810060423	1	1.01813994884313	0.805595810291459	0.987422577357781	NA	NA	0.985815770047441	NA
"114"	114	0.715892847808825	0.889931480102358	0.918582871166575	NA	NA	NA	0.873916094733228	1.02645543330008	NA	NA	NA	1.00644532843435
"115"	115	NA	1.0587454935679	1.20299617983792	NA	NA	NA	0.822816179864442	8.73893139898692	NA	NA	NA	1.02289153582016
"117"	117	NA	NA	NA	NA	NA	NA	0.522878745280338	-4.51541338286951	NA	NA	1.59617270551557	NA
"118"	118	0.424742501084005	1.30586536052072	1.14411870463588	NA	NA	NA	1.19656612736035	NA	NA	NA	NA	1.11639220201923
