"obsID"	"MeasID_3"	"MeasID_4"	"MeasID_5"	"MeasID_6"	"MeasID_7"	"MeasID_8"	"MeasID_12"	"MeasID_13"	"MeasID_15"	"MeasID_16"
"1"	1	49.6284746180615	NA	NA	NA	NA	NA	3.35675688599702	NA	NA	NA
"17"	2	4.26683069444899	9.45584415584416	NA	NA	NA	NA	1.46907172951278	NA	NA	0.0668295714285714
"33"	3	23.2927648327905	48.7061818181818	NA	NA	13.316	8.926	2.16683653044709	0.56869	0.284	0.2924526
"49"	4	0	NA	NA	NA	NA	NA	1.6570788309875	0	1.8374014125	NA
"65"	5	19.0352781173326	34.771	NA	NA	NA	NA	1.59374473499464	1.121	NA	0.211362755
"81"	6	49.5857142857143	66.7857142857143	103.014285714286	NA	NA	NA	2.19240986309524	1.12857142857143	NA	NA
"97"	7	49.5857142857143	66.7857142857143	103.014285714286	NA	NA	NA	2.19240986309524	1.12857142857143	NA	NA
"113"	8	9.85999172700692	NA	NA	NA	NA	NA	0.676230327975034	NA	NA	NA
"129"	9	0	NA	NA	NA	NA	NA	0.278978	NA	NA	NA
"145"	10	6.031784771865	NA	NA	NA	NA	NA	0.6543034567365	NA	NA	NA
"161"	11	22.3399435995	NA	NA	NA	NA	NA	2.20193502495	NA	NA	0
"177"	12	22.3399435995	NA	NA	NA	NA	NA	2.20193502495	NA	NA	NA
"193"	13	8.9645413655	44.615	NA	NA	NA	5.14	2.839161864125	0.05	NA	0.0788
"209"	14	8.60703755314285	41.025	NA	NA	NA	10.185	3.10516531508636	0.06	NA	0.074475
"225"	15	23.594169440261	71.855	NA	NA	NA	NA	1.64253045620715	1.31303847222222	0.913597112607245	NA
"241"	16	20.6880600080222	48.612508940335	20.391	NA	16.7767	NA	2.99195949073292	0.380895	1.288	0.371037466196819
"257"	17	21.6734248733518	40.5104241169459	16.9925	NA	13.9805833333333	NA	1.69129957561076	0.428598611111111	0.271333333333333	0.412086971830682
"273"	18	20.6880600080222	48.612508940335	20.391	NA	16.7767	NA	1.88795949073292	0.380895	0.184	0.371037466196819
"289"	19	21.6734248733518	40.5104241169459	16.9925	NA	13.9805833333333	NA	1.6966329089441	0.428598611111111	0.276666666666667	0.412086971830682
"305"	20	21.6734248733518	40.5104241169459	16.9925	NA	13.9805833333333	NA	1.6866329089441	0.428598611111111	0.266666666666667	0.412086971830682
"321"	21	0	NA	NA	NA	NA	NA	0.46	0	NA	0
"337"	22	0	NA	NA	NA	NA	NA	1.2	0	NA	0
"353"	23	11.16997179975	102.545	NA	NA	NA	NA	2.097317512475	NA	NA	NA
"369"	24	28.0009708574423	115.015	NA	NA	NA	NA	2.02086607368008	NA	NA	NA
"385"	25	8.8977720259	NA	NA	NA	NA	NA	1.97934034825714	NA	1.225	NA
"401"	26	NA	70.9	NA	NA	NA	28.3333333333333	1.24333333333333	0.736666666666667	NA	NA
"417"	27	13.8871803294	14.0533333333333	NA	NA	NA	NA	1.63264845955264	NA	NA	0.0254704761904762
"433"	28	13.7466478665	NA	NA	NA	NA	NA	1.73713022095736	NA	NA	0
"449"	29	13.7466478665	NA	NA	NA	NA	NA	1.73713022095736	NA	NA	NA
"465"	30	NA	39.1	NA	NA	NA	NA	2.168	1.3	NA	2.63639589999667
"481"	31	15.7896389820476	33.9540816326531	29.13	NA	23.9667142857143	NA	1.96522872358883	0.303428571428571	NA	0.175887352785373
"497"	32	15.7896389820476	33.9540816326531	29.13	NA	23.9667142857143	NA	1.96522872358883	0.303428571428571	NA	0.175887352785373
"513"	33	8.5	NA	NA	NA	NA	NA	1.3501111	NA	NA	0.3614585
"529"	34	11.2362985487569	NA	NA	NA	NA	NA	1.41291478857985	NA	1.66	0.0992802
"545"	35	11.2362985487569	NA	NA	NA	NA	NA	1.41291478857985	NA	1.66	0.0992802
"561"	36	11.2362985487569	NA	NA	NA	NA	NA	1.41291478857985	NA	1.66	0.0992802
"577"	37	11.2362985487569	NA	NA	NA	NA	NA	1.41291478857985	NA	1.66	0.0992802
"593"	38	11.2362985487569	NA	NA	NA	NA	NA	1.41291478857985	NA	1.66	0.0992802
"609"	39	11.2362985487569	NA	NA	NA	NA	NA	1.41291478857985	NA	1.66	0.0992802
"625"	40	11.2362985487569	NA	NA	NA	NA	NA	1.41291478857985	NA	1.66	0.0992802
"641"	41	11.2362985487569	NA	NA	NA	NA	NA	1.41291478857985	NA	1.66	0.0992802
"657"	42	11.2362985487569	NA	NA	NA	NA	NA	1.41291478857985	NA	1.66	0.0992802
"673"	43	31.18510579975	NA	NA	NA	NA	NA	2.2211830742838	NA	NA	NA
"689"	44	28.215134	NA	NA	NA	NA	NA	2.45293696944517	NA	NA	NA
"705"	45	20.0096529345198	19.6131211180124	12.744375	NA	10.4854375	NA	1.81280269522969	0.488228125	NA	0.428822916373012
"721"	46	20.0096529345198	19.6131211180124	12.744375	NA	10.4854375	NA	1.81280269522969	0.488228125	NA	0.428822916373012
"737"	47	20.0096529345198	19.6131211180124	12.744375	NA	10.4854375	NA	1.81280269522969	0.488228125	NA	0.428822916373012
"753"	48	20.0096529345198	19.6131211180124	12.744375	NA	10.4854375	NA	1.59741876666005	0.488228125	NA	0.428822916373012
"769"	49	20.0096529345198	19.6131211180124	12.744375	NA	10.4854375	NA	1.59741876666005	0.488228125	NA	0.428822916373012
"785"	50	20.3601164044568	27.0069494112972	11.3283333333333	NA	9.32038888888889	NA	1.83953477633669	0.433980555555556	NA	0.464169258998233
"801"	51	20.3601164044568	27.0069494112972	11.3283333333333	NA	9.32038888888889	NA	1.64808239538589	0.433980555555556	NA	0.464169258998233
"817"	52	14.4940964565663	26.4001397515528	10.1955	NA	8.38835	NA	1.71919513712725	0.1062	NA	0.106285796949761
"833"	53	13.7595001334317	34.2877470355731	20.391	NA	16.7767	NA	1.73688030400458	0.2124	NA	0.175989968899522
"849"	54	NA	NA	NA	NA	NA	NA	2.20070598277527	NA	NA	0.0457575454545455
"865"	55	28.4614285714286	72.3242857142857	NA	NA	NA	NA	2.57191056910569	0.805142857142857	NA	0.37662798571381
"881"	56	28.4614285714286	72.3242857142857	NA	NA	NA	NA	2.57191056910569	0.805142857142857	NA	0.37662798571381
"897"	57	28.4614285714286	72.3242857142857	NA	NA	NA	NA	2.57191056910569	0.805142857142857	NA	0.37662798571381
"913"	58	31.5434918123837	NA	NA	NA	NA	NA	3.061395623375	NA	NA	NA
"929"	59	31.5434918123837	NA	NA	NA	NA	NA	3.061395623375	NA	NA	NA
"945"	60	NA	NA	NA	NA	NA	NA	2.59083511478258	1.55777127741	NA	2.372756309997
"961"	61	13.6666666666667	34.05873015873	NA	NA	NA	NA	1.16439873118217	0.238716666666667	NA	0.0443471131568853
"977"	62	51.321875879607	34.4	NA	NA	NA	NA	2.90626058425531	0.571575	NA	1.078625
"993"	63	8.28594107611154	NA	NA	NA	NA	NA	1.16022129966788	NA	NA	0.0722917
"1009"	64	16.3726433982906	33.6303140096618	22.6566666666667	NA	18.6407777777778	NA	1.37159726574446	0.389696296296296	NA	0.225156988894796
"1025"	65	16.3726433982906	33.6303140096618	22.6566666666667	NA	18.6407777777778	NA	1.37159726574446	0.389696296296296	NA	0.225156988894796
"1041"	66	16.3726433982906	33.6303140096618	22.6566666666667	NA	18.6407777777778	NA	1.37159726574446	0.389696296296296	NA	0.225156988894796
"1057"	68	5.16174320561143	8.21200000000001	NA	NA	NA	NA	0.794145463833759	0.1179465	NA	0.164291478108108
"1073"	69	10.22	36.6	NA	NA	NA	NA	0.599810698696547	0.214845	NA	0.0373564731578947
"1089"	70	NA	NA	NA	NA	NA	NA	2.1255156577775	NA	NA	0.0690949
"1105"	71	NA	NA	NA	NA	NA	NA	0.63836437498575	0.31308675	NA	0.0741
"1121"	72	NA	NA	NA	NA	NA	NA	3.03608690943013	NA	NA	0.21135065
"1137"	73	17.7955440518	NA	NA	NA	NA	NA	2.63	NA	NA	NA
"1153"	74	17.7955440518	NA	NA	NA	NA	NA	2.63	NA	2.63	NA
"1169"	75	NA	NA	NA	NA	NA	NA	1.67	NA	1.8374014125	NA
"1185"	76	NA	NA	NA	NA	NA	NA	1.67	NA	1.67	NA
"1201"	77	NA	NA	NA	NA	NA	NA	1.19	0.74	1.19	1.35
"1217"	78	74.6871021190566	NA	34.6875	NA	NA	NA	0.9053068699286	NA	0.2	NA
"1233"	79	59.6746021190566	NA	26.2575	NA	NA	NA	0.9928068699286	NA	0.2875	NA
"1249"	80	13.5536865567312	NA	NA	NA	NA	NA	1.14573733634104	NA	NA	NA
"1265"	81	20.4446608125417	26.8333333333333	14.565	NA	11.9833571428571	NA	2.05658385159978	0.413675	NA	0.183424761195511
"1281"	82	11.2980217162143	20.5984848484848	16.9925	NA	13.9805833333333	NA	2.20289046075885	0.177	NA	0.093458307416268
"1297"	83	19.9500052776298	31.3330303030303	12.744375	NA	10.4854375	NA	2.55938525377317	0.13275	NA	0.141717621187201
"1313"	84	17.0814146062887	31.3940476190476	NA	NA	NA	NA	1.96199530006845	0.26858	NA	0.137767240079365
"1329"	85	16.0784514275956	18.6	NA	NA	NA	NA	2.65636911800136	0.14323	NA	0.0845711111111112
"1345"	86	36.8424588395349	NA	NA	NA	NA	NA	1.60062998061878	NA	NA	0.19828149375
"1361"	87	18.385754205	NA	NA	NA	NA	NA	1.75884749638907	NA	0.32	NA
"1377"	88	36.530376434	NA	NA	NA	NA	NA	1.2873492924	0	0	0
"1393"	89	12.0721290386742	NA	NA	NA	NA	NA	2.20700471399592	0.232844444444444	0.251205662677435	0.207769363636364
"1409"	90	47.2271145033281	NA	NA	NA	NA	20	3.0802776495088	1.02640388888889	0.199926137166667	0.2294497
"1425"	91	47.2271145033281	NA	NA	NA	NA	20	3.0802776495088	1.02640388888889	0.199926137166667	0.2294497
"1441"	92	7.76666666666666	NA	NA	NA	NA	NA	1.9245790488101	NA	NA	0.333333333333333
"1457"	93	0.998295454545455	NA	NA	NA	NA	NA	2.75910914153758	NA	NA	0.0331818181818182
"1473"	94	15.592552899875	NA	NA	NA	NA	NA	1.7749329723147	NA	NA	NA
"1489"	95	11.16997179975	NA	NA	NA	NA	NA	2.24930084580834	NA	NA	NA
"1505"	96	NA	NA	NA	NA	NA	NA	3.38470568309176	1.7308569749	NA	2.63639589999667
"1521"	97	NA	NA	NA	NA	NA	NA	5.68080587220279	1.7308569749	NA	2.97544444444444
"1537"	98	22.3399435995	NA	NA	NA	NA	NA	2.20193502495	NA	NA	0
"1553"	99	22.3399435995	NA	NA	NA	NA	NA	2.20193502495	NA	NA	0
"1569"	100	22.3399435995	NA	NA	NA	NA	NA	2.20193502495	NA	NA	0
"1585"	101	11.923014514706	NA	NA	NA	NA	NA	0.4891	NA	NA	NA
"1601"	102	11.923014514706	NA	NA	NA	NA	NA	0.4891	NA	0	NA
"1617"	103	10.65336180725	NA	NA	NA	NA	NA	1.26352204261069	0.18955375	0.873132122815578	NA
"1633"	104	21.1	NA	15.04	21.1	NA	NA	3.245	NA	NA	NA
"1649"	105	21.1	NA	15.04	21.1	NA	NA	3.245	NA	NA	NA
"1665"	106	21.1	NA	15.04	21.1	NA	NA	3.245	NA	NA	NA
"1681"	107	21.1	NA	15.04	21.1	NA	NA	3.245	NA	NA	NA
"1697"	108	21.1	NA	15.04	21.1	NA	NA	3.245	NA	NA	0
"1713"	109	21.1	NA	15.04	21.1	NA	NA	3.245	0	0	NA
"1729"	110	NA	NA	NA	NA	NA	NA	1.09	0.945	NA	NA
"1745"	111	NA	NA	NA	NA	NA	NA	1.09	0.945	NA	NA
"1761"	112	NA	NA	NA	NA	NA	NA	1.09	0.945	NA	NA
"1777"	113	NA	NA	NA	NA	NA	NA	1.315	1.5	NA	0.675
"1793"	114	NA	NA	NA	NA	NA	NA	1.94435284154588	0.86542848745	NA	1.31819794999833
"1809"	115	NA	NA	NA	NA	NA	NA	2.96767839769318	0.86542848745	NA	1.4605
"1825"	117	NA	NA	NA	NA	NA	NA	2.96767839769318	0.86542848745	NA	1.4605
"1841"	118	29.752248509597	NA	NA	NA	NA	NA	3.61376575866227	1.36534318181818	NA	NA
