"obsID"	"MeasID_3"	"MeasID_4"	"MeasID_5"	"MeasID_6"	"MeasID_7"	"MeasID_8"	"MeasID_12"	"MeasID_13"	"MeasID_15"	"MeasID_16"
"1857"	1	38.1078236861538	NA	NA	NA	NA	NA	1.91425063924443	NA	NA	NA
"1873"	2	4.97796914352381	11.0318181818182	NA	NA	NA	NA	1.7139170177649	NA	NA	0.0779678333333333
"1889"	3	24.9159560409881	60.8827272727273	NA	NA	0	5	2.06354566305886	0.4833625	0	0.20306575
"1905"	4	19.17605125305	NA	NA	NA	NA	NA	1.71586420275487	0.34119675	0.733737430962269	NA
"1921"	5	24.1499004711538	47.6	NA	NA	NA	NA	2.04147169075196	1.09	NA	0.35817625
"1937"	6	42.699	61.361	77.701	NA	NA	NA	1.67957817361111	0.5977	NA	NA
"1953"	7	42.699	61.361	77.701	NA	NA	NA	1.67957817361111	0.5977	NA	NA
"1969"	8	9.64875890830269	NA	NA	NA	NA	NA	0.537162544524348	NA	NA	NA
"1985"	9	0.670198307985	NA	NA	NA	NA	NA	0.5044520507485	NA	NA	NA
"2001"	10	1.116997179975	NA	NA	NA	NA	NA	1.0267387512475	NA	NA	NA
"2017"	11	11.9901725681818	NA	NA	NA	NA	NA	0.7610177	NA	NA	0.3725
"2033"	12	3.20020684305	NA	NA	NA	NA	NA	0.317575088973334	NA	NA	NA
"2049"	13	17.929082731	41.99	NA	NA	NA	4.91	2.78832372825	0.05	NA	0.1576
"2065"	14	17.2140751062857	52.64	NA	NA	NA	6.03	2.68283063017273	0.05	NA	0.14895
"2081"	15	31.4588925870147	15.0366666666667	NA	NA	NA	NA	2.1900406082762	0.710717962962963	1.21812948347633	NA
"2097"	16	25.8600750100277	60.7656361754188	25.48875	NA	20.970875	NA	2.12994936341615	0.47611875	0	0.463796832746024
"2113"	17	26.0081098480222	48.612508940335	20.391	NA	16.7767	NA	1.85195949073292	0.514318333333333	0.148	0.494504366196819
"2129"	18	25.8600750100277	60.7656361754188	25.48875	NA	20.970875	NA	2.12994936341615	0.47611875	0	0.463796832746024
"2145"	19	26.0081098480222	48.612508940335	20.391	NA	16.7767	NA	1.85195949073292	0.514318333333333	0.148	0.494504366196819
"2161"	20	26.0081098480222	48.612508940335	20.391	NA	16.7767	NA	1.83995949073292	0.514318333333333	0.136	0.494504366196819
"2177"	21	26.6002492	NA	NA	NA	NA	NA	0.68	0.667116666666667	NA	0.6173345
"2193"	22	26.6002492	NA	NA	NA	NA	NA	0.74	0.667116666666667	NA	0.6173345
"2209"	23	0	48.15	NA	NA	NA	NA	1.9927	NA	NA	NA
"2225"	24	33.6619981153846	73.09	NA	NA	NA	NA	1.83979712241017	NA	NA	NA
"2241"	25	0	NA	NA	NA	NA	NA	1.63356371026429	NA	2.19	NA
"2257"	26	NA	74.7	NA	NA	NA	35.2	1.01	0.76	NA	NA
"2273"	27	17.35897541175	17.5666666666667	NA	NA	NA	NA	1.21966474111163	NA	NA	0.0318380952380952
"2289"	28	0	NA	NA	NA	NA	NA	2.68	NA	NA	1.32042
"2305"	29	0	NA	NA	NA	NA	NA	0	NA	NA	NA
"2321"	30	NA	16.375	NA	NA	NA	NA	0.503	0.225	NA	0
"2337"	31	14.9576003207222	39.6130952380952	33.985	NA	27.9611666666667	NA	1.89292425159622	0.354	NA	0.205201911582935
"2353"	32	14.9576003207222	39.6130952380952	33.985	NA	27.9611666666667	NA	1.89292425159622	0.354	NA	0.205201911582935
"2369"	33	0	NA	NA	NA	NA	NA	0	NA	NA	0
"2385"	34	8.41549952884615	NA	NA	NA	NA	NA	1.14443852579655	NA	1.2	0
"2401"	35	8.41549952884615	NA	NA	NA	NA	NA	1.14443852579655	NA	1.2	0
"2417"	36	8.41549952884615	NA	NA	NA	NA	NA	1.14443852579655	NA	1.2	0
"2433"	37	8.41549952884615	NA	NA	NA	NA	NA	1.14443852579655	NA	1.2	0
"2449"	38	8.41549952884615	NA	NA	NA	NA	NA	1.14443852579655	NA	1.2	0
"2465"	39	8.41549952884615	NA	NA	NA	NA	NA	1.14443852579655	NA	1.2	0
"2481"	40	8.41549952884615	NA	NA	NA	NA	NA	1.14443852579655	NA	1.2	0
"2497"	41	8.41549952884615	NA	NA	NA	NA	NA	1.14443852579655	NA	1.2	0
"2513"	42	8.41549952884615	NA	NA	NA	NA	NA	1.14443852579655	NA	1.2	0
"2529"	43	40.030268	NA	NA	NA	NA	NA	1.91419619998125	NA	NA	NA
"2545"	44	40.030268	NA	NA	NA	NA	NA	1.91419619998125	NA	NA	NA
"2561"	45	22.8681747823084	22.4149955634428	14.565	NA	11.9833571428571	NA	1.82562144761148	0.557975	NA	0.490083332997728
"2577"	46	22.8681747823084	22.4149955634428	14.565	NA	11.9833571428571	NA	1.82562144761148	0.557975	NA	0.490083332997728
"2593"	47	22.8681747823084	22.4149955634428	14.565	NA	11.9833571428571	NA	1.82562144761148	0.557975	NA	0.490083332997728
"2609"	48	22.8681747823084	22.4149955634428	14.565	NA	11.9833571428571	NA	1.82562144761148	0.557975	NA	0.490083332997728
"2625"	49	22.8681747823084	22.4149955634428	14.565	NA	11.9833571428571	NA	1.82562144761148	0.557975	NA	0.490083332997728
"2641"	50	22.9051309550139	30.3828180877094	12.744375	NA	10.4854375	NA	1.85409269480913	0.488228125	NA	0.522190416373012
"2657"	51	22.9051309550139	30.3828180877094	12.744375	NA	10.4854375	NA	1.85409269480913	0.488228125	NA	0.522190416373012
"2673"	52	16.104551618407	29.3334886128364	11.3283333333333	NA	9.32038888888889	NA	1.91021681903027	0.118	NA	0.118095329944179
"2689"	53	17.1993751667896	42.8596837944664	25.48875	NA	20.970875	NA	2.17110038000573	0.2655	NA	0.219987461124402
"2705"	54	NA	NA	NA	NA	NA	NA	1.1754390810528	NA	NA	0.0503333
"2721"	55	16.3	35.1333333333333	NA	NA	NA	NA	1.44889566395664	0.416666666666667	NA	0.439399316666112
"2737"	56	16.3	35.1333333333333	NA	NA	NA	NA	1.44889566395664	0.416666666666667	NA	0.439399316666112
"2753"	57	16.3	35.1333333333333	NA	NA	NA	NA	1.44889566395664	0.416666666666667	NA	0.439399316666112
"2769"	58	0	NA	NA	NA	NA	NA	0.885202375	NA	NA	NA
"2785"	59	0	NA	NA	NA	NA	NA	0.885202375	NA	NA	NA
"2801"	60	NA	NA	NA	NA	NA	NA	0	0	NA	0
"2817"	61	20.5	51.088095238095	NA	NA	NA	NA	1.21659809677326	0.358075	NA	0.066520669735328
"2833"	62	39.0660914785871	0	NA	NA	NA	NA	1.25984737885556	0	NA	0
"2849"	63	13.1718821522231	NA	NA	NA	NA	NA	0.880398159335768	NA	NA	0
"2865"	64	18.4192238230769	37.8341032608696	25.48875	NA	20.970875	NA	1.54304692396252	0.438408333333333	NA	0.253301612506646
"2881"	65	18.4192238230769	37.8341032608696	25.48875	NA	20.970875	NA	1.54304692396252	0.438408333333333	NA	0.253301612506646
"2897"	66	18.4192238230769	37.8341032608696	25.48875	NA	20.970875	NA	1.54304692396252	0.438408333333333	NA	0.253301612506646
"2913"	68	0	0	NA	NA	NA	NA	1.159881298792	0	NA	0.42620755
"2929"	69	0	0	NA	NA	NA	NA	1.159881298792	0	NA	0.42620755
"2945"	70	NA	NA	NA	NA	NA	NA	1.159881298792	NA	NA	0.42620755
"2961"	71	NA	NA	NA	NA	NA	NA	1.159881298792	0	NA	0.42620755
"2977"	72	NA	NA	NA	NA	NA	NA	1.159881298792	NA	NA	0.42620755
"2993"	73	0	NA	NA	NA	NA	NA	3.53	NA	NA	NA
"3009"	74	0	NA	NA	NA	NA	NA	3.53	NA	3.53	NA
"3025"	75	NA	NA	NA	NA	NA	NA	3.53	NA	0	NA
"3041"	76	NA	NA	NA	NA	NA	NA	3.53	NA	3.53	NA
"3057"	77	NA	NA	NA	NA	NA	NA	1.8	0.74	1.8	0
"3073"	78	57.6161361587421	NA	20.56	NA	NA	NA	1.07707582657147	NA	0.136666666666667	NA
"3089"	79	49.7561361587421	NA	17.21	NA	NA	NA	1.12374249323813	NA	0.183333333333333	NA
"3105"	80	23.6756053411538	NA	NA	NA	NA	NA	1.79140905604149	NA	NA	NA
"3121"	81	23.8521042812986	31.3055555555555	16.9925	NA	13.9805833333333	NA	1.59268116019974	0.482620833333333	NA	0.213995554728096
"3137"	82	13.5576260594571	24.7181818181818	20.391	NA	16.7767	NA	1.67546855291062	0.2124	NA	0.112149968899522
"3153"	83	22.8000060315769	35.8091774891775	14.565	NA	11.9833571428571	NA	2.23358314716933	0.151714285714286	NA	0.161962995642515
"3169"	84	19.9283170406702	36.6263888888889	NA	NA	NA	NA	1.48232785007986	0.313343333333333	NA	0.160728446759259
"3185"	85	20.0980642844945	23.25	NA	NA	NA	NA	2.1104613975017	0.1790375	NA	0.105713888888889
"3201"	86	0	NA	NA	NA	NA	NA	0.696620809106818	NA	NA	0.2478518671875
"3217"	87	36.77150841	NA	NA	NA	NA	NA	1.29769499277813	NA	0	NA
"3233"	88	7.22527595600804	NA	NA	NA	NA	NA	1.07595751188773	0.193201944444444	0.0999630685833335	0.11472485
"3249"	89	9.33526103754167	NA	NA	NA	NA	NA	2.30689018539551	0.129101388888889	0.276326228945179	0.2285463
"3265"	90	7.22527595600804	NA	NA	NA	NA	0	1.07595751188773	0.193201944444444	0.0999630685833335	0.11472485
"3281"	91	7.22527595600804	NA	NA	NA	NA	0	1.07595751188773	0.193201944444444	0.0999630685833335	0.11472485
"3297"	92	11.65	NA	NA	NA	NA	NA	1.24457690655682	NA	NA	0.5
"3313"	93	1.098125	NA	NA	NA	NA	NA	1.63847838902467	NA	NA	0.0365
"3329"	94	13.3434226666667	NA	NA	NA	NA	NA	1.63259895476961	NA	NA	NA
"3345"	95	0	NA	NA	NA	NA	NA	2.29666666666667	NA	NA	NA
"3361"	96	NA	NA	NA	NA	NA	NA	0.674666666666667	0	NA	0
"3377"	97	NA	NA	NA	NA	NA	NA	0.46150278992189	0	NA	0.06125
"3393"	98	25.7391165673058	NA	NA	NA	NA	NA	2.21373398216674	NA	NA	0.993579840275
"3409"	99	25.7391165673058	NA	NA	NA	NA	NA	2.21373398216674	NA	NA	0.993579840275
"3425"	100	25.7391165673058	NA	NA	NA	NA	NA	2.21373398216674	NA	NA	0.993579840275
"3441"	101	0	NA	NA	NA	NA	NA	1.4952	NA	NA	NA
"3457"	102	0	NA	NA	NA	NA	NA	0.7161	NA	1.414799087625	NA
"3473"	103	14.2044824096667	NA	NA	NA	NA	NA	1.13233644648509	0.252738333333333	0.551709026254103	NA
"3489"	104	27.6	NA	15.38	27.6	NA	NA	0	NA	NA	NA
"3505"	105	31.39	NA	16.36	31.39	NA	NA	2.91488742857143	NA	NA	NA
"3521"	106	28.12	NA	16.71	28.12	NA	NA	1.80744983705	NA	NA	NA
"3537"	107	35.87	NA	18.27	35.87	NA	NA	1.26050326682857	NA	NA	NA
"3553"	108	21.56	NA	16.36	21.56	NA	NA	2.75269047618571	NA	NA	0.745
"3569"	109	21.9	NA	15.56	21.9	NA	NA	1.91586635699883	0.813938888888889	1.99926137166667	NA
"3585"	110	NA	NA	NA	NA	NA	NA	0.66	0.56	NA	NA
"3601"	111	NA	NA	NA	NA	NA	NA	0.66	0.56	NA	NA
"3617"	112	NA	NA	NA	NA	NA	NA	0.66	0.56	NA	NA
"3633"	113	NA	NA	NA	NA	NA	NA	1.62	1.87	NA	1.35
"3649"	114	NA	NA	NA	NA	NA	NA	1.01	0	NA	0
"3665"	115	NA	NA	NA	NA	NA	NA	0.664775625336364	0	NA	0
"3681"	117	NA	NA	NA	NA	NA	NA	0.664775625336364	0	NA	0
"3697"	118	5.47954004971667	NA	NA	NA	NA	NA	2.12739539865849	0.104575	NA	NA
