"obsID"	"MeasID_3"	"MeasID_4"	"MeasID_5"	"MeasID_6"	"MeasID_7"	"MeasID_8"	"MeasID_9"	"MeasID_10"	"MeasID_11"	"MeasID_12"	"MeasID_13"	"MeasID_14"	"MeasID_15"	"MeasID_16"	"MeasID_17"	"MeasID_18"
"1857"	1	38.1078236861538	NA	NA	NA	NA	NA	NA	NA	1.24303721835185	1.91425063924443	NA	1.72683042222222	NA	NA	16.1088931779093	NA
"1873"	2	NA	NA	NA	NA	NA	NA	NA	NA	NA	1.7139170177649	NA	NA	NA	NA	19.6861634767576	NA
"1889"	3	24.9159560409881	60.8827272727273	NA	NA	NA	NA	NA	NA	1.51272286891989	2.06354566305886	0.4833625	1.34598835793661	NA	0.20306575	18.7299992307901	14.925
"1905"	4	NA	NA	NA	NA	NA	NA	NA	NA	1.90585866293	1.71586420275487	NA	NA	NA	NA	11.7709637686058	NA
"1921"	5	24.1499004711538	47.6	NA	NA	NA	NA	NA	NA	1.01787671719256	2.04147169075196	1.09	NA	NA	NA	20.9025003852009	15.5472222222222
"1937"	6	NA	NA	NA	NA	NA	NA	NA	NA	NA	1.67957817361111	NA	NA	NA	NA	10.1608363204787	NA
"1953"	7	NA	NA	NA	NA	NA	NA	NA	NA	NA	1.67957817361111	NA	NA	NA	NA	10.1608363204787	NA
"1969"	8	9.64875890830269	NA	NA	NA	NA	NA	NA	NA	0.494827523596296	0.537162544524348	NA	0.30591807111111	NA	NA	3.0321960576861	NA
"1985"	9	NA	NA	NA	NA	NA	NA	NA	NA	NA	0.5044520507485	NA	NA	NA	NA	NA	NA
"2001"	10	NA	NA	NA	NA	NA	NA	NA	NA	NA	1.0267387512475	NA	NA	NA	NA	NA	NA
"2017"	11	11.9901725681818	NA	NA	NA	NA	NA	NA	NA	1.1660935525	0.7610177	NA	NA	NA	NA	4.1097154806875	NA
"2033"	12	3.20020684305	NA	NA	NA	NA	NA	NA	NA	0.1952881538	0.317575088973334	NA	0.126666666666667	NA	NA	2.78	NA
"2049"	13	NA	41.99	NA	NA	NA	4.91	NA	10.3	NA	2.78832372825	0.05	NA	NA	NA	22.4529835622222	NA
"2065"	14	NA	52.64	NA	NA	NA	6.03	NA	12.24	1.90374212688889	2.68283063017273	0.05	NA	NA	NA	15.8645467886522	NA
"2081"	15	31.4588925870147	NA	NA	NA	NA	NA	NA	NA	1.81682404046569	2.1900406082762	0.710717962962963	NA	NA	NA	19.7728908347231	NA
"2097"	16	25.8600750100277	60.7656361754188	NA	NA	NA	NA	NA	NA	1.53014008096836	2.12994936341615	NA	1.325011260828	NA	0.463796832746024	18.0186219190699	15.3673076923077
"2113"	17	26.0081098480222	48.612508940335	NA	NA	NA	NA	NA	NA	1.4867714280041	1.85195949073292	NA	1.0600090086624	NA	0.494504366196819	17.1698887946767	14.7167032967033
"2129"	18	25.8600750100277	60.7656361754188	NA	NA	NA	NA	NA	NA	1.53014008096836	2.12994936341615	NA	1.325011260828	NA	0.463796832746024	18.0186219190699	15.3673076923077
"2145"	19	26.0081098480222	48.612508940335	NA	NA	NA	NA	NA	NA	1.4867714280041	1.85195949073292	NA	1.0600090086624	NA	0.494504366196819	17.1698887946767	14.7167032967033
"2161"	20	26.0081098480222	48.612508940335	NA	NA	NA	NA	NA	NA	1.4867714280041	1.83995949073292	NA	1.0600090086624	NA	0.494504366196819	17.1698887946767	14.7167032967033
"2177"	21	NA	NA	NA	NA	NA	NA	NA	NA	1.31329681614706	0.68	NA	NA	NA	NA	13.7749562971041	12.1142857142857
"2193"	22	NA	NA	NA	NA	NA	NA	NA	NA	1.31329681614706	0.74	NA	NA	NA	NA	13.7749562971041	12.1142857142857
"2209"	23	NA	48.15	NA	NA	NA	NA	NA	8.19	NA	1.9927	NA	NA	NA	NA	NA	NA
"2225"	24	33.6619981153846	73.09	NA	NA	NA	NA	NA	3.35	1.72849487062963	1.83979712241017	NA	1.05568694444444	NA	NA	9.81537755621333	NA
"2241"	25	NA	NA	NA	NA	NA	NA	NA	NA	3.928734146	1.63356371026429	NA	1.063	2.19	NA	11.0464222148649	NA
"2257"	26	NA	74.7	NA	NA	NA	35.2	53.7	53.7	1.2930299789	1.01	0.76	NA	NA	NA	6.55	6.55
"2273"	27	NA	NA	NA	NA	NA	NA	NA	NA	1.17850841990379	1.21966474111163	NA	NA	NA	NA	10.9067803427656	NA
"2289"	28	0	NA	NA	NA	NA	NA	NA	NA	2.04462214544444	2.68	NA	3.76040877776667	NA	NA	21.6830986685873	NA
"2305"	29	0	NA	NA	NA	NA	NA	NA	NA	0	0	NA	NA	NA	NA	36.5	NA
"2321"	30	NA	16.375	NA	NA	NA	NA	NA	NA	NA	0.503	0.225	NA	NA	NA	NA	NA
"2337"	31	14.9576003207222	39.6130952380952	NA	NA	NA	NA	NA	NA	1.35738323145682	1.89292425159622	NA	NA	NA	0.205201911582935	14.8289527079924	14.7579975579976
"2353"	32	14.9576003207222	39.6130952380952	NA	NA	NA	NA	NA	NA	1.35738323145682	1.89292425159622	NA	NA	NA	0.205201911582935	14.8289527079924	14.7579975579976
"2369"	33	NA	NA	NA	NA	NA	NA	NA	NA	NA	NA	NA	NA	NA	NA	NA	NA
"2385"	34	NA	NA	NA	NA	NA	NA	NA	NA	0.897319080032407	1.14443852579655	NA	NA	1.2	NA	8.65481691075663	NA
"2401"	35	NA	NA	NA	NA	NA	NA	NA	NA	0.897319080032407	1.14443852579655	NA	NA	1.2	NA	8.65481691075663	NA
"2417"	36	NA	NA	NA	NA	NA	NA	NA	NA	0.897319080032407	1.14443852579655	NA	NA	1.2	NA	8.65481691075663	NA
"2433"	37	NA	NA	NA	NA	NA	NA	NA	NA	0.897319080032407	1.14443852579655	NA	NA	1.2	NA	8.65481691075663	NA
"2449"	38	NA	NA	NA	NA	NA	NA	NA	NA	0.897319080032407	1.14443852579655	NA	NA	1.2	NA	8.65481691075663	NA
"2465"	39	NA	NA	NA	NA	NA	NA	NA	NA	0.897319080032407	1.14443852579655	NA	NA	1.2	NA	8.65481691075663	NA
"2481"	40	NA	NA	NA	NA	NA	NA	NA	NA	0.897319080032407	1.14443852579655	NA	NA	1.2	NA	8.65481691075663	NA
"2497"	41	NA	NA	NA	NA	NA	NA	NA	NA	0.897319080032407	1.14443852579655	NA	NA	1.2	NA	8.65481691075663	NA
"2513"	42	NA	NA	NA	NA	NA	NA	NA	NA	0.897319080032407	1.14443852579655	NA	NA	1.2	NA	8.65481691075663	NA
"2529"	43	40.030268	NA	NA	NA	NA	NA	NA	NA	0.8578596395	1.91419619998125	NA	1.4966866	NA	NA	20.1158490565	NA
"2545"	44	40.030268	NA	NA	NA	NA	NA	NA	NA	0.8578596395	1.91419619998125	NA	NA	NA	NA	20.1158490565	NA
"2561"	45	22.8681747823084	NA	NA	NA	NA	NA	NA	NA	1.37484269904504	1.82562144761148	0.557975	NA	NA	0.490083332997728	17.703495372446	9.45886970172684
"2577"	46	22.8681747823084	NA	NA	NA	NA	NA	NA	NA	1.37484269904504	1.82562144761148	0.557975	NA	NA	0.490083332997728	17.703495372446	9.45886970172684
"2593"	47	22.8681747823084	NA	NA	NA	NA	NA	NA	NA	1.37484269904504	1.82562144761148	0.557975	NA	NA	0.490083332997728	17.703495372446	9.45886970172684
"2609"	48	22.8681747823084	NA	NA	NA	NA	NA	NA	NA	1.37484269904504	1.82562144761148	0.557975	NA	NA	0.490083332997728	17.703495372446	9.45886970172684
"2625"	49	22.8681747823084	NA	NA	NA	NA	NA	NA	NA	1.37484269904504	1.82562144761148	0.557975	NA	NA	0.490083332997728	17.703495372446	9.45886970172684
"2641"	50	22.9051309550139	NA	NA	NA	NA	NA	NA	NA	1.3263044399272	1.85409269480913	NA	NA	NA	0.522190416373012	17.9535898711484	12.226510989011
"2657"	51	22.9051309550139	NA	NA	NA	NA	NA	NA	NA	1.3263044399272	1.85409269480913	NA	NA	NA	0.522190416373012	17.9535898711484	12.226510989011
"2673"	52	16.104551618407	NA	NA	NA	NA	NA	NA	NA	1.22787061189594	1.91021681903027	NA	NA	NA	NA	19.2597754181852	NA
"2689"	53	17.1993751667896	42.8596837944664	NA	NA	NA	NA	NA	NA	1.47762071538222	2.17110038000573	NA	1.19039469907408	NA	0.219987461124402	17.2764638377267	NA
"2705"	54	NA	NA	NA	NA	NA	NA	NA	NA	NA	1.1754390810528	NA	NA	NA	NA	8.43344435851247	NA
"2721"	55	NA	NA	NA	NA	NA	NA	NA	NA	NA	1.44889566395664	NA	NA	NA	NA	8.71857436552778	NA
"2737"	56	NA	NA	NA	NA	NA	NA	NA	NA	NA	1.44889566395664	NA	NA	NA	NA	8.71857436552778	NA
"2753"	57	NA	NA	NA	NA	NA	NA	NA	NA	NA	1.44889566395664	NA	NA	NA	NA	8.71857436552778	NA
"2769"	58	0	NA	NA	NA	NA	NA	NA	NA	1.5890629618	0.885202375	NA	NA	NA	NA	5.53773734436	NA
"2785"	59	0	NA	NA	NA	NA	NA	NA	NA	1.5890629618	0.885202375	NA	NA	NA	NA	5.53773734436	NA
"2801"	60	NA	NA	NA	NA	NA	NA	NA	NA	NA	NA	NA	NA	NA	NA	NA	NA
"2817"	61	NA	NA	NA	NA	NA	NA	NA	NA	2.11856405413699	1.21659809677326	NA	NA	NA	NA	6.51206146404948	NA
"2833"	62	39.0660914785871	NA	NA	NA	NA	NA	NA	NA	0.739588737408249	1.25984737885556	NA	1.29512232222111	NA	NA	17.6556450775597	NA
"2849"	63	NA	NA	NA	NA	NA	NA	NA	NA	NA	0.880398159335768	NA	NA	NA	NA	9.768818469732	NA
"2865"	64	NA	NA	NA	NA	NA	NA	NA	NA	1.22978879203269	1.54304692396252	NA	NA	NA	0.253301612506646	13.2111291512951	NA
"2881"	65	NA	NA	NA	NA	NA	NA	NA	NA	1.22978879203269	1.54304692396252	NA	NA	NA	0.253301612506646	13.2111291512951	NA
"2897"	66	NA	NA	NA	NA	NA	NA	NA	NA	1.22978879203269	1.54304692396252	NA	NA	NA	0.253301612506646	13.2111291512951	NA
"2913"	68	NA	NA	NA	NA	NA	NA	NA	NA	0.9225851988	1.159881298792	NA	NA	NA	0.42620755	11.1900306816261	9.804
"2929"	69	NA	NA	NA	NA	NA	NA	NA	NA	0.9225851988	1.159881298792	NA	NA	NA	0.42620755	11.1900306816261	9.804
"2945"	70	NA	NA	NA	NA	NA	NA	NA	NA	0.9225851988	1.159881298792	NA	NA	NA	0.42620755	11.1900306816261	NA
"2961"	71	NA	NA	NA	NA	NA	NA	NA	NA	0.9225851988	1.159881298792	NA	NA	NA	0.42620755	11.1900306816261	9.804
"2977"	72	NA	NA	NA	NA	NA	NA	NA	NA	0.9225851988	1.159881298792	NA	NA	NA	0.42620755	11.1900306816261	NA
"2993"	73	NA	NA	NA	NA	NA	NA	NA	NA	NA	3.53	NA	NA	NA	NA	15.1594281955357	NA
"3009"	74	NA	NA	NA	NA	NA	NA	NA	NA	NA	3.53	NA	NA	3.53	NA	15.1594281955357	NA
"3025"	75	NA	NA	NA	NA	NA	NA	NA	NA	NA	3.53	NA	NA	NA	NA	15.1594281955357	NA
"3041"	76	NA	NA	NA	NA	NA	NA	NA	NA	NA	3.53	NA	NA	3.53	NA	15.1594281955357	NA
"3057"	77	NA	NA	NA	NA	NA	NA	NA	NA	NA	1.8	0.74	NA	1.8	NA	15.1594281955357	NA
"3073"	78	57.6161361587421	NA	NA	NA	NA	NA	NA	NA	176.764288797347	1.07707582657147	NA	1.57421730555278	NA	NA	19.8179492291264	NA
"3089"	79	49.7561361587421	NA	NA	NA	NA	NA	NA	NA	194.430955464013	1.12374249323813	NA	1.57421730555278	NA	NA	19.8179492291264	NA
"3105"	80	23.6756053411538	NA	NA	NA	NA	NA	NA	NA	1.21570805900951	1.79140905604149	NA	0.989938818148147	NA	NA	9.54329251873778	NA
"3121"	81	23.8521042812986	NA	NA	NA	NA	NA	NA	NA	1.10658096267284	1.59268116019974	NA	NA	NA	NA	15.2938340164714	NA
"3137"	82	NA	NA	NA	NA	NA	NA	NA	NA	0.884070881418637	1.67546855291062	NA	NA	NA	NA	19.9606251303283	NA
"3153"	83	22.8000060315769	NA	NA	NA	NA	NA	NA	NA	1.00861381867548	2.23358314716933	NA	NA	NA	NA	30.0132708383994	NA
"3169"	84	19.9283170406702	NA	NA	NA	NA	NA	NA	NA	1.16880252407466	1.48232785007986	NA	NA	NA	NA	19.6551400968224	NA
"3185"	85	20.0980642844945	NA	NA	NA	NA	NA	NA	NA	1.47852084943784	2.1104613975017	NA	NA	NA	NA	25.446331499302	NA
"3201"	86	NA	NA	NA	NA	NA	NA	NA	NA	NA	0.696620809106818	NA	0.608585083325	NA	NA	3.18849537033333	NA
"3217"	87	NA	NA	NA	NA	NA	NA	NA	NA	NA	1.29769499277813	NA	1.438968625	NA	NA	20.0774576049333	NA
"3233"	88	7.22527595600804	NA	NA	NA	NA	NA	NA	NA	0.46288264927771	1.07595751188773	NA	NA	NA	NA	11.3189197362699	NA
"3249"	89	NA	NA	NA	NA	NA	NA	NA	NA	1.45049044155042	2.30689018539551	NA	NA	NA	NA	21.2175181657979	NA
"3265"	90	7.22527595600804	NA	NA	NA	NA	NA	NA	NA	0.46288264927771	1.07595751188773	NA	NA	NA	NA	11.3189197362699	NA
"3281"	91	7.22527595600804	NA	NA	NA	NA	NA	NA	NA	0.46288264927771	1.07595751188773	NA	NA	NA	NA	11.3189197362699	NA
"3297"	92	NA	NA	NA	NA	NA	NA	NA	NA	0.62335529211111	1.24457690655682	NA	NA	NA	NA	12.8676448563895	NA
"3313"	93	NA	NA	NA	NA	NA	NA	NA	NA	1.90854832768	1.63847838902467	NA	NA	NA	NA	10.4931714451681	NA
"3329"	94	NA	NA	NA	NA	NA	NA	NA	NA	NA	1.63259895476961	NA	NA	NA	NA	12.1798527621667	NA
"3345"	95	NA	NA	NA	NA	NA	NA	NA	NA	NA	2.29666666666667	NA	NA	NA	NA	NA	NA
"3361"	96	NA	NA	NA	NA	NA	NA	NA	NA	NA	0.674666666666667	NA	NA	NA	NA	NA	NA
"3377"	97	NA	NA	NA	NA	NA	NA	NA	NA	NA	0.46150278992189	NA	NA	NA	NA	NA	NA
"3393"	98	25.7391165673058	NA	NA	NA	NA	NA	NA	NA	1.66214549746498	2.21373398216674	NA	1.12919524644146	NA	NA	18.3150596636341	NA
"3409"	99	25.7391165673058	NA	NA	NA	NA	NA	NA	NA	1.66214549746498	2.21373398216674	NA	1.12919524644146	NA	NA	18.3150596636341	NA
"3425"	100	25.7391165673058	NA	NA	NA	NA	NA	NA	NA	1.66214549746498	2.21373398216674	NA	1.12919524644146	NA	NA	18.3150596636341	NA
"3441"	101	NA	NA	NA	NA	NA	NA	NA	NA	NA	1.4952	NA	NA	NA	NA	12.73391968425	NA
"3457"	102	NA	NA	NA	NA	NA	NA	NA	NA	3.02512529242	0.7161	NA	NA	NA	NA	5.71971820984666	NA
"3473"	103	NA	NA	NA	NA	NA	NA	NA	NA	1.2340612318	1.13233644648509	NA	NA	NA	NA	12.4190915098066	NA
"3489"	104	27.6	NA	15.38	27.6	NA	NA	NA	NA	NA	NA	NA	NA	NA	NA	NA	NA
"3505"	105	31.39	NA	16.36	31.39	NA	NA	NA	NA	NA	2.91488742857143	NA	NA	NA	NA	16.95	NA
"3521"	106	28.12	NA	16.71	28.12	NA	NA	NA	NA	NA	1.80744983705	NA	NA	NA	NA	17.4333333333333	NA
"3537"	107	35.87	NA	18.27	35.87	NA	NA	NA	NA	NA	1.26050326682857	NA	NA	NA	NA	7.6714221968	NA
"3553"	108	21.56	NA	16.36	21.56	NA	NA	NA	NA	NA	2.75269047618571	NA	NA	NA	NA	15.1395891683333	NA
"3569"	109	21.9	NA	15.56	21.9	NA	NA	NA	NA	NA	1.91586635699883	NA	NA	NA	NA	18.8201307335318	NA
"3585"	110	NA	NA	NA	NA	NA	NA	NA	NA	1.5890629618	0.66	0.56	NA	NA	NA	5.53773734436	NA
"3601"	111	NA	NA	NA	NA	NA	NA	NA	NA	1.5890629618	0.66	0.56	NA	NA	NA	5.53773734436	NA
"3617"	112	NA	NA	NA	NA	NA	NA	NA	NA	1.5890629618	0.66	0.56	NA	NA	NA	5.53773734436	NA
"3633"	113	NA	NA	NA	NA	NA	NA	NA	NA	NA	1.62	1.87	NA	NA	NA	9.97008973	NA
"3649"	114	NA	NA	NA	NA	NA	NA	NA	NA	NA	1.01	NA	NA	NA	NA	NA	NA
"3665"	115	NA	NA	NA	NA	NA	NA	NA	NA	1.537628369	0.664775625336364	NA	NA	NA	NA	4.2163433412	NA
"3681"	117	NA	NA	NA	NA	NA	NA	NA	NA	1.537628369	0.664775625336364	NA	NA	NA	NA	4.2163433412	NA
"3697"	118	NA	NA	NA	NA	NA	NA	NA	NA	0.963307328120746	2.12739539865849	NA	NA	NA	NA	19.3693746054866	NA
